1 0
0 12 0 0 12 0 0 0 0 12 1 0 0 0 0 0 0 0 0 0 0 0 0 0 0 0 0 24 1 -1 1 -1 1 -1 1 -1 1 -1 1 -1 1 -1 1 -1 1 -1 1 -1 1 -1 1 -1 1 12 1 0 0 0 0 0 0 0 0 0 0 0 0 12 1 0 0 0 0 0 0 0 0 0 0 0 0 2 12 6.9289410756115587e-310 6.9289410756115587e-310 6.9289410756115587e-310 6.9289410756115587e-310 6.9289410756115587e-310 6.9289410756115587e-310 6.9289410756115587e-310 6.9289410756115587e-310 6.9289410756115587e-310 6.9289410756115587e-310 6.9289410756115587e-310 6.9289410756115587e-310 6.9289410756115587e-310 6.9289410756115587e-310 6.9289410756115587e-310 6.9289410756115587e-310 6.9289410756115587e-310 6.9289410756115587e-310 6.9289410756115587e-310 6.9289410756115587e-310 6.9289410756115587e-310 6.9289410756115587e-310 6.9289410756115587e-310 6.9289410756115587e-310 57 4 32.327620707617868 0.71566009521484375 2.5431315104157415e-05 -9.5367431640625e-06 0.00016148885091145832 0 0.00017801920572916666 0.30031967163085938 -0.0031865437825520926 1.8936838381044936 0.035251874772329182 0.0965423583984375 0.002838134765625 -0.56433773040771484 -0.0010242462158203125 -0.0034442785428101161 1.2715657552084061e-06 0.99897384643554688 0.0007476806640625 -2.0246475721596946 3.3908420132115076e-06 -0.44665683333806666 3.3151535753835614e-06 -0.20152473449707031 0.00012334187825520371 6.8051093068949529e-06 4.3596540340981159e-07 0.00038058831762530205 -8.7193080357145258e-07 -0.027027130126953125 -0.0005397796630859375 6.3578287760445579e-07 8.4771050347202948e-07 -7.5196610457090302e-08 6.6174449004242214e-24 -0.00018596649169921875 -1.9073486328124966e-06 6.3578287760417118e-07 -1.2715657552083322e-06 4.76837158203125e-07 3.1789143880208332e-07 -3.1789143880208332e-07 -2.1192762586805554e-07 -3.9552450904217501e-06 1.6240977966918433e-15 -0.11510133743286133 -0.0021562576293945278 7.3115030924490731e-06 2.1192762586670633e-07 3.814697265625e-06 -8.2651774088541661e-06 6.3578287760416674e-07 0 -4.76837158203125e-07 2.2252400716145831e-06 -1.5894571940104165e-06 -1.0596381293402778e-06 49.218131128946936 1.0920658111572266 -8.9009602864398296e-06 0 0.00017801920572916666 0 0.00017801920572916666 -1.5752239227294922 0.013629913330078125 2.7072613372801677 0.04812295096261153 0.20544815063476562 0.0015538533528645926 -0.4807586669921875 -0.0040384928385416574 -0.0010354609292871158 2.2706531343005948e-06 0.99873542785644531 0.00081507364908850466 -0.39242876840468444 5.7523212736535388e-07 -4.0209953523875015 1.1504642547130725e-06 -0.093786239624023438 0.0013898213704427037 -1.0557962085638554e-07 -1.7438616071428569e-06 0.0004991556804439689 1.7438616071428238e-06 -0.20051002502441406 -0.0033175150553385394 1.2715657552106463e-06 8.477105034737642e-07 8.8513108730429956e-08 -8.7193080357142844e-07 -6.008148193359375e-05 -6.357828776041661e-07 -6.357828776041678e-07 -1.2715657552083339e-06 0 0 0 0 -9.0129339499039383e-07 -8.7193080357142844e-07 -0.023802757263183594 -0.00046984354654947859 6.3578287760532315e-07 4.2385525173601474e-07 0 0 0 0 0 1.2715657552083335e-06 0 -2.5431315104166669e-06 30.767149119906954 0.64468002319335938 2.4159749348967585e-05 0.000873565673828125 0.00020599365234375 1.1444091796875e-05 0.00014750162760416666 -1.237762451171875 0.016297658284505245 1.4474628243232512 0.021950267610095778 -0.76065540313720703 0.0040607452392578125 0.054813385009765625 0.0030670166015625 -0.00028056129547242618 6.0550750248016314e-07 0.99501228332519531 0.0018857320149739398 -0.072655207212957443 5.2981906467007253e-07 -0.42298773662370864 -5.1468137710815903e-07 -0.84951496124267578 0.0053958892822265625 1.165879013359497e-07 1.7438616071428569e-06 0.00019937024665432428 2.6157924107142764e-06 -0.022123813629150391 -0.00037988026936848973 -3.1789143880266157e-07 2.1192762586800737e-07 -1.0905193062196646e-06 -4.3596540178571422e-07 -1.6689300537109375e-05 3.178914388020839e-07 -9.5367431640625e-07 -6.3578287760416695e-07 4.76837158203125e-07 9.5367431640625e-07 9.5367431640625e-07 2.1192762586805554e-07 9.5992902189399843e-07 -5.2939559203393771e-23 -0.0043683052062988281 -8.3605448404947989e-05 9.5367431640625e-07 1.0596381293402537e-06 9.5367431640625e-07 0 6.3578287760416663e-07 0 9.5367431640625e-07 1.9073486328125e-06 0 0 2.770283346643879 0.12867069244384766 -0.00014956792195637558 0.028161764144897461 0.0080227851867675781 0.0025643110275268555 0.00056656201680501295 0.12419569492340088 0.00082357724507649277 0.19677788652437209 0.0027628660142895623 -0.12725555896759033 0.0012314319610595703 -0.042224526405334473 -8.6069107055664062e-05 -2.6468659753473771 -0.00070263330070757628 0.95112097263336182 -0.02326639493306476 -0.0037018227220485755 -2.5587422507149847e-06 -0.0010331119121763266 8.2665965670613096e-08 0.074791908264160156 0.00038433074951171875 -2.6715276983225239e-06 2.7247837611607152e-07 -0.0002034857244022392 0.0003663199288502434 -6.3598155975341797e-05 -1.8676122029622385e-06 4.569689432779949e-06 2.7285681830512166e-06 0.00031824837100236255 0.00041753223964166499 -0.1146140368655324 -0.0020529100050528798 0.00011950917541980743 -2.5939196348190308e-05 1.6279518604278564e-06 -2.0613272984822584e-07 1.3237198193868001e-06 2.1523899502224422e-08 8.8588803113956324e-07 5.8310372488839282e-06 -0.00023573637008666992 -1.6093254089355469e-05 1.2318293253580639e-06 -2.3047129313151053e-06 -2.6822090148925781e-06 -8.3446502685546886e-07 -2.781550089518232e-07 -2.5166405571831593e-06 1.0594725608825684e-05 2.0762284596761073e-06 6.1889489491780588e-06 -4.4968393113878029e-06 57 1 0 1 2 3 4 5 6 7 8 9 10 11 12 13 14 15 16 17 18 19 20 21 22 23 24 25 26 27 28 29 30 31 32 33 34 35 36 37 38 39 40 41 42 43 44 45 46 47 48 49 50 51 52 53 54 55 56 0 0 57 0 1 8 1 0
1 0 0 0 0 0 0 -932889709 4 1 2 2 4 7 2 1 0 0 0 38 0 0 8
2 -932893952 4 1 2 1 6 7 2 1 0 0 0 40 0 0 8
3 -1640531527 1 1 0 0 1 0 0 0 0 0 0 8
4 -845889719 2 1 2 11 1 1 0 0 0 2 0 0 8
5 -845889718 2 1 2 10 1 1 0 0 0 6 0 0 8
6 -845889717 2 1 2 9 1 1 0 0 0 4 0 0 8
7 -845889712 2 1 2 4 1 1 0 0 0 10 0 0 8
8 -845889904 2 1 3 4 1 1 0 0 0 27 0 0 8
9 -845889711 2 1 2 3 1 1 0 0 0 8 0 0 8
10 -845889903 2 1 3 5 1 1 0 0 0 43 0 0 8
11 -845889710 2 1 2 2 1 1 0 0 0 14 0 0 8
12 -845889902 2 1 3 6 1 1 0 0 0 25 0 0 8
13 -845889709 2 1 2 1 1 1 0 0 0 12 0 0 8
14 -845889901 2 1 3 7 1 1 0 0 0 33 0 0 8
15 -845889708 2 1 2 8 1 1 0 0 0 18 0 0 8
16 -845889707 2 1 2 7 1 1 0 0 0 16 0 0 8
17 -845889706 2 1 2 6 1 1 0 0 0 22 0 0 8
18 -845889705 2 1 2 5 1 1 0 0 0 20 0 0 8
19 -845889700 2 1 2 0 1 1 0 0 0 24 0 0 8
20 -932889839 4 1 2 2 6 7 2 1 0 0 0 42 0 0 8
21 -932893890 4 1 2 1 5 6 2 1 0 0 0 50 0 0 8
22 -932893887 4 1 2 1 5 7 2 1 0 0 0 54 0 0 8
23 -937765952 4 1 1 2 4 5 2 1 0 0 0 47 0 0 8
24 -937765951 4 1 1 2 4 6 2 1 0 0 0 31 0 0 8
25 -937766142 4 1 1 2 5 6 2 1 0 0 0 51 0 0 8
26 -937766139 4 1 1 2 5 7 2 1 0 0 0 55 0 0 8
27 -845889840 2 1 4 5 1 1 0 0 0 44 0 0 8
28 -937765946 4 1 1 2 4 7 2 1 0 0 0 37 0 0 8
29 -845889839 2 1 4 4 1 1 0 0 0 28 0 0 8
30 -845889838 2 1 4 7 1 1 0 0 0 34 0 0 8
31 -845889837 2 1 4 6 1 1 0 0 0 26 0 0 8
32 -937876528 4 1 1 1 4 6 2 1 0 0 0 29 0 0 8
33 -937876527 4 1 1 1 4 5 2 1 0 0 0 45 0 0 8
34 -937876717 4 1 1 1 5 6 2 1 0 0 0 49 0 0 8
35 -937876716 4 1 1 1 5 7 2 1 0 0 0 53 0 0 8
36 -937876521 4 1 1 1 4 7 2 1 0 0 0 35 0 0 8
37 -932889777 4 1 2 2 5 6 2 1 0 0 0 52 0 0 8
38 -932889776 4 1 2 2 5 7 2 1 0 0 0 56 0 0 8
39 -932893828 4 1 2 1 4 5 2 1 0 0 0 46 0 0 8
40 -932893827 4 1 2 1 4 6 2 1 0 0 0 30 0 0 8
41 -932893822 4 1 2 1 4 7 2 1 0 0 0 36 0 0 8
42 -845889784 2 1 1 11 1 1 0 0 0 1 0 0 8
43 -845889782 2 1 1 9 1 1 0 0 0 3 0 0 8
44 -845889781 2 1 1 10 1 1 0 0 0 5 0 0 8
45 -937766076 4 1 1 2 6 7 2 1 0 0 0 41 0 0 8
46 -845889776 2 1 1 3 1 1 0 0 0 7 0 0 8
47 -845889775 2 1 1 4 1 1 0 0 0 9 0 0 8
48 -845889774 2 1 1 1 1 1 0 0 0 11 0 0 8
49 -845889773 2 1 1 2 1 1 0 0 0 13 0 0 8
50 -845889772 2 1 1 7 1 1 0 0 0 15 0 0 8
51 -845889771 2 1 1 8 1 1 0 0 0 17 0 0 8
52 -845889770 2 1 1 5 1 1 0 0 0 19 0 0 8
53 -845889769 2 1 1 6 1 1 0 0 0 21 0 0 8
54 -937876651 4 1 1 1 6 7 2 1 0 0 0 39 0 0 8
55 -845889763 2 1 1 0 1 1 0 0 0 23 0 0 8
56 -932889716 4 1 2 2 4 6 2 1 0 0 0 32 0 0 8
57 -932889715 4 1 2 2 4 5 2 1 0 0 0 48 0 0 0 0
