1 0
0 12 0 0 12 0 0 0 0 12 1 0 0 0 0 0 0 0 0 0 0 0 0 0 0 0 0 24 1 0 1 0 1 0 1 0 1 0 1 0 1 0 1 0 1 0 1 0 1 0 1 0 1 12 1 0 0 0 0 0 0 0 0 0 0 0 0 12 1 0 0 0 0 0 0 0 0 0 0 0 0 2 12 6.9315355919538381e-310 2.2947396701893537e-316 6.9315355919538381e-310 2.2947396701893537e-316 6.9315355919538381e-310 2.2947396701893537e-316 6.9315355919538381e-310 2.2947396701893537e-316 6.9315355919538381e-310 2.2947396701893537e-316 6.9315355919538381e-310 2.2947396701893537e-316 6.9315355919538381e-310 2.2947396701893537e-316 6.9315355919538381e-310 2.2947396701893537e-316 6.9315355919538381e-310 2.2947396701893537e-316 6.9315355919538381e-310 2.2947396701893537e-316 6.9315355919538381e-310 2.2947396701893537e-316 6.9315355919538381e-310 2.2947396701893537e-316 57 4 7.0558155192269219 0.098317883679524681 -1.5137687562027098e-06 0.00051999092102050781 -1.430511474609375e-06 4.6014785766601562e-05 -1.1126200358072894e-06 0.00031995773315429688 -7.3115030924479076e-06 -0.00067424774169921875 4.1325887044270653e-06 0.00057816505432128906 4.6094258626302174e-06 0.0010488033294677734 -1.0013580322265625e-05 -0.00024294853210449219 1.5894571940104618e-07 0.06235797860450145 1.5137687562119614e-07 -0.083336556108417129 -6.4335172138516848e-08 -0.02186210661011526 -6.4335172138516848e-08 3.1709671020507812e-05 -1.1126200358072911e-06 4.6667762044726491e-06 -2.7247837611607139e-06 8.3597125628100415e-08 2.1798270089285711e-07 0 0 -1.5894571940104166e-07 1.0596381293402777e-07 4.0075951222229175e-07 -1.0899135044642858e-07 8.3446502685546875e-07 -7.9472859700520829e-08 -3.9736429850260418e-07 -5.2981906467013886e-08 -1.1920928955078125e-07 -7.9472859700520829e-08 -7.9472859700520829e-08 -5.2981906467013886e-08 3.6844388531540902e-08 2.1798270089285711e-07 0 0 0 0 0 0 0 0 1.1920928955078125e-07 -7.9472859700520829e-08 -7.9472859700520829e-08 5.2981906467013886e-08 7.1178425365024154 0.16252953786291183 -2.0587255084348524e-06 0.00057768821716308594 -4.76837158203125e-07 5.7697296142578125e-05 -9.5367431640625e-07 0.0018398761749267578 -1.0967254638671875e-05 0.002269744873046875 -2.5431315104166305e-06 -0.00056004524230957031 -1.7325083414713533e-05 0.00019216537475585938 -1.4940897623697921e-05 -7.4625015258789062e-05 -1.5894571940103941e-07 0.062340804540179727 1.059638129340278e-07 -0.019303840930871972 -9.0826125372601944e-08 -0.088283608057054597 7.5688437798455455e-09 -2.6226043701171875e-06 -1.2874603271484375e-05 4.6990450471461291e-06 -2.1798270089285713e-06 -2.7563610393881537e-07 2.1798270089285714e-07 0 -2.6469779601696886e-23 1.5894571940104166e-07 3.1789143880208332e-07 -1.476238792748145e-07 0 8.3446502685546875e-07 7.9472859700520842e-08 -2.384185791015625e-07 -5.2981906467013886e-08 -1.1920928955078125e-07 7.9472859700520829e-08 7.9472859700520829e-08 1.5894571940104166e-07 1.4871155492202002e-07 1.0899135044642855e-07 1.1920928955078125e-07 -7.9472859700520829e-08 7.9472859700520829e-08 1.5894571940104166e-07 0 0 -1.5894571940104166e-07 1.0596381293402777e-07 -1.1920928955078125e-07 -7.9472859700520829e-08 -7.9472859700520829e-08 1.5894571940104166e-07 7.1345456441243496 0.081981564645611432 -5.2603464278079435e-07 0.011065959930419922 -3.4650166829427228e-05 0.0045464038848876953 -2.8769175211588397e-05 0.0014598369598388672 1.0967254638671875e-05 0.0014832019805908203 1.0649363199869864e-05 0.00040531158447265625 -3.4968058268229347e-06 0.00030255317687988281 -1.1126200358072962e-06 -4.00543212890625e-05 0 0.058589542810947179 -2.3879702129084388e-06 -0.0035067455384597971 2.6490953233506953e-08 -0.018133359982381032 2.6490953233506956e-08 -0.00050187110900878906 -3.9736429850260597e-06 1.9619021384143805e-06 -3.2697405133928572e-07 -3.4132255534643778e-08 1.6543612251060553e-24 -1.1920928955078125e-07 7.9472859700520829e-08 -7.9472859700520829e-08 5.2981906467013886e-08 -9.9828325755733156e-07 3.2697405133928577e-07 1.0728836059570312e-06 -7.152557373046875e-07 7.152557373046875e-07 7.9472859700520826e-07 1.1920928955078125e-07 -7.9472859700520829e-08 -7.9472859700520829e-08 5.2981906467013886e-08 7.7320943041541513e-08 0 -1.1920928955078125e-07 -7.9472859700520829e-08 -7.9472859700520829e-08 -5.2981906467013886e-08 1.1920928955078125e-07 -7.9472859700520829e-08 -7.9472859700520829e-08 5.2981906467013886e-08 -1.1920928955078125e-07 7.9472859700520829e-08 -7.9472859700520829e-08 5.2981906467013886e-08 7.0025087965859303 0.02390958587419573 7.2282458108684576e-07 0.024722814559936523 -6.6280364990234375e-05 0.016114950180053711 -5.8650970458984375e-05 0.0030236244201660156 3.24249267578125e-05 -0.0037071704864501953 4.7524770100911386e-05 -0.0034155845642089844 3.2107035319010272e-05 0.000553131103515625 7.9472859700520924e-06 -0.11429309844970703 3.178914388043963e-07 0.052273951630161693 -3.9925650944773898e-06 -0.00027889657645160346 -7.5688437809975103e-09 -6.7759881216955647e-05 3.7844218905009912e-08 -0.0027956962585449219 2.002716064453125e-05 -5.6824004484246163e-08 1.0899135044642855e-07 1.0578462217638315e-07 -1.0899135044642855e-07 2.384185791015625e-07 0 -1.5894571940104166e-07 -2.1192762586805554e-07 -9.5631715306598548e-07 1.0899135044642861e-07 1.0728836059570312e-06 5.5631001790364587e-07 -7.9472859700520842e-08 -3.7087334526909718e-07 0 0 0 -2.1192762586805554e-07 4.9004752111898818e-08 -2.1798270089285711e-07 0 0 0 0 0 0 0 0 0 -1.5894571940104166e-07 0 -1.0596381293402777e-07 57 1 0 1 2 3 4 5 6 7 8 9 10 11 12 13 14 15 16 17 18 19 20 21 22 23 24 25 26 27 28 29 30 31 32 33 34 35 36 37 38 39 40 41 42 43 44 45 46 47 48 49 50 51 52 53 54 55 56 0 0 57 0 1 8 1 0
1 0 0 0 0 0 0 -932893951 4 1 2 1 6 8 2 1 0 0 0 50 0 0 8
2 -932893948 4 1 2 1 6 11 2 1 0 0 0 54 0 0 8
3 -1640531527 1 1 0 0 1 0 0 0 0 0 0 8
4 -845889719 2 1 2 11 1 1 0 0 0 2 0 0 8
5 -845889718 2 1 2 10 1 1 0 0 0 6 0 0 8
6 -845889717 2 1 2 9 1 1 0 0 0 4 0 0 8
7 -845889908 2 1 3 8 1 1 0 0 0 33 0 0 8
8 -845889905 2 1 3 11 1 1 0 0 0 25 0 0 8
9 -845889712 2 1 2 4 1 1 0 0 0 10 0 0 8
10 -845889711 2 1 2 3 1 1 0 0 0 8 0 0 8
11 -845889903 2 1 3 5 1 1 0 0 0 27 0 0 8
12 -845889710 2 1 2 2 1 1 0 0 0 14 0 0 8
13 -845889902 2 1 3 6 1 1 0 0 0 43 0 0 8
14 -845889709 2 1 2 1 1 1 0 0 0 12 0 0 8
15 -845889708 2 1 2 8 1 1 0 0 0 18 0 0 8
16 -845889707 2 1 2 7 1 1 0 0 0 16 0 0 8
17 -845889706 2 1 2 6 1 1 0 0 0 22 0 0 8
18 -845889705 2 1 2 5 1 1 0 0 0 20 0 0 8
19 -937766193 4 1 1 2 8 11 2 1 0 0 0 37 0 0 8
20 -845889700 2 1 2 0 1 1 0 0 0 24 0 0 8
21 -937876770 4 1 1 1 8 11 2 1 0 0 0 35 0 0 8
22 -932889840 4 1 2 2 6 8 2 1 0 0 0 52 0 0 8
23 -932893890 4 1 2 1 5 6 2 1 0 0 0 46 0 0 8
24 -932889835 4 1 2 2 6 11 2 1 0 0 0 56 0 0 8
25 -932893888 4 1 2 1 5 8 2 1 0 0 0 40 0 0 8
26 -932894077 4 1 2 1 8 11 2 1 0 0 0 36 0 0 8
27 -932893883 4 1 2 1 5 11 2 1 0 0 0 30 0 0 8
28 -937766142 4 1 1 2 5 6 2 1 0 0 0 47 0 0 8
29 -845889843 2 1 4 8 1 1 0 0 0 34 0 0 8
30 -845889842 2 1 4 11 1 1 0 0 0 26 0 0 8
31 -937766140 4 1 1 2 5 8 2 1 0 0 0 41 0 0 8
32 -845889840 2 1 4 5 1 1 0 0 0 28 0 0 8
33 -845889837 2 1 4 6 1 1 0 0 0 44 0 0 8
34 -937766135 4 1 1 2 5 11 2 1 0 0 0 31 0 0 8
35 -937876717 4 1 1 1 5 6 2 1 0 0 0 45 0 0 8
36 -937876715 4 1 1 1 5 8 2 1 0 0 0 39 0 0 8
37 -937876712 4 1 1 1 5 11 2 1 0 0 0 29 0 0 8
38 -932889777 4 1 2 2 5 6 2 1 0 0 0 48 0 0 8
39 -932889775 4 1 2 2 5 8 2 1 0 0 0 42 0 0 8
40 -932889966 4 1 2 2 8 11 2 1 0 0 0 38 0 0 8
41 -932889772 4 1 2 2 5 11 2 1 0 0 0 32 0 0 8
42 -845889784 2 1 1 11 1 1 0 0 0 1 0 0 8
43 -845889782 2 1 1 9 1 1 0 0 0 3 0 0 8
44 -845889781 2 1 1 10 1 1 0 0 0 5 0 0 8
45 -937766075 4 1 1 2 6 8 2 1 0 0 0 51 0 0 8
46 -845889776 2 1 1 3 1 1 0 0 0 7 0 0 8
47 -845889775 2 1 1 4 1 1 0 0 0 9 0 0 8
48 -845889774 2 1 1 1 1 1 0 0 0 11 0 0 8
49 -937766072 4 1 1 2 6 11 2 1 0 0 0 55 0 0 8
50 -845889773 2 1 1 2 1 1 0 0 0 13 0 0 8
51 -845889772 2 1 1 7 1 1 0 0 0 15 0 0 8
52 -845889771 2 1 1 8 1 1 0 0 0 17 0 0 8
53 -845889770 2 1 1 5 1 1 0 0 0 19 0 0 8
54 -845889769 2 1 1 6 1 1 0 0 0 21 0 0 8
55 -937876652 4 1 1 1 6 8 2 1 0 0 0 49 0 0 8
56 -845889763 2 1 1 0 1 1 0 0 0 23 0 0 8
57 -937876647 4 1 1 1 6 11 2 1 0 0 0 53 0 0 0 0
