1 0
0 10 0 0 10 0 0 0 0 10 1 0 0 0 0 0 0 0 0 0 0 0 0 0 0 20 1 0 1 0 1 0 1 0 1 0 1 0 1 0 1 0 1 0 1 0 1 10 1 0 0 0 0 0 0 0 0 0 0 10 1 0 0 0 0 0 0 0 0 0 0 2 10 6.9116786128559931e-310 1.2259128341978682e-316 6.9116786128559931e-310 1.2259128341978682e-316 6.9116786128559931e-310 1.2259128341978682e-316 6.9116786128559931e-310 1.2259128341978682e-316 6.9116786128559931e-310 1.2259128341978682e-316 6.9116786128559931e-310 1.2259128341978682e-316 6.9116786128559931e-310 1.2259128341978682e-316 6.9116786128559931e-310 1.2259128341978682e-316 6.9116786128559931e-310 1.2259128341978682e-316 6.9116786128559931e-310 1.2259128341978682e-316 53 4 7.1194287406073666 0.097628791234040974 -5.2981906466782588e-07 -0.086864106217208428 -1.6462235223679321e-06 -0.010941028594970703 -6.3578287760445579e-07 5.5789947509765625e-05 6.357828776041678e-07 0.00012898445129394531 -4.76837158203125e-07 0.0082895755767822266 -1.7007191975911169e-05 0.0010874271392822266 -1.8914540608723994e-05 -0.01242327646169852 -3.6860269213476775e-06 0.12267229263530079 -4.6359168158660281e-06 -0.00013494491577148438 -3.1789143880207882e-07 -3.3085093799597727e-07 7.6293945312500004e-07 -3.53564932417478e-06 -7.6293945312499983e-07 -9.5367431640625e-07 7.9472859700520826e-07 -1.5894571940104163e-07 0 3.1030096900065665e-07 3.2697405133928566e-07 2.3365020751953125e-05 4.2351647362715017e-22 1.5894571940104237e-07 -5.298190646701387e-07 1.1920928955078125e-06 4.76837158203125e-07 5.2939559203393771e-23 4.2385525173611109e-07 4.2910948772318044e-06 -1.9618443080357145e-06 8.9406967163085938e-06 2.3047129313151044e-06 -5.9604644775390625e-06 -1.9603305392795141e-06 -2.0384788513183594e-05 -4.3710072835286464e-06 5.4836273193359383e-06 -7.9472859700520826e-07 -4.76837158203125e-07 1.5894571940104166e-07 -6.3578287760416663e-07 1.0596381293402777e-07 7.1568577475017978 0.15027548555523942 3.2546028258771129e-07 -0.11685589233221587 -1.2261526925223213e-06 -0.0062630176544189453 -1.430511474609375e-06 1.0967254638671875e-05 0 5.4836273193359375e-06 -1.5894571940104174e-07 0.0088727474212646484 -1.5417734781900897e-05 0.0017421245574951172 -1.6689300537109375e-05 -0.003259620766317813 -2.0852164616661184e-06 0.12236190708158565 -4.2650434704231279e-06 -6.4373016357421875e-05 3.178914388020822e-07 -6.8417865190155064e-07 7.6293945271897554e-07 -3.7519533514042631e-06 -6.5394810267857122e-07 -1.0728836059570312e-06 2.384185791015625e-07 8.7420145670572913e-07 -5.2981906467013886e-08 -1.2636997326806395e-07 -1.0899135044642855e-07 1.6331672668457031e-05 3.9736429850260445e-07 3.9736429850260403e-07 4.76837158203125e-07 2.384185791015625e-07 6.3578287760416663e-07 -1.2715657552083333e-06 7.4174669053819435e-07 2.6242936412182742e-06 -1.4168875558035713e-06 5.6028366088867188e-06 2.781550089518229e-06 -4.2120615641276036e-06 -9.0069240993923641e-07 -8.2254409790039062e-06 -2.6226043701171875e-06 2.6226043701171875e-06 -3.7087334526909739e-07 1.1920928955078125e-07 -2.384185791015625e-07 3.9736429850260413e-07 5.2981906467013886e-08 7.1054322772555878 0.08045453708633786 -4.1628640795510918e-07 -0.085867545339854273 -1.9830370706213642e-06 -0.017473459243774414 -7.9472859700491921e-07 -0.00046825408935546875 -6.3578287760418474e-07 0.00035762786865234375 -9.5367431640625e-07 0.0522308349609375 -7.5022379557292823e-05 0.033804893493652344 -7.3750813802082177e-05 -0.061203823218528269 -9.0144929431733633e-06 0.10354990812146672 -2.0095280238557955e-05 0.00026369094848632812 -3.1789143880207882e-07 -3.482103746098985e-07 2.0708356584821427e-06 -1.875685156007291e-07 1.0899135044642855e-07 -3.2186508178710938e-06 -8.7420145670572913e-07 -2.3841857910156261e-07 -3.7087334526909728e-07 -1.1311636450804516e-06 4.3596540178571427e-07 3.1352043151855469e-05 -5.5631001790364555e-07 1.3510386149088536e-06 3.7087334526909718e-07 7.152557373046875e-07 6.3578287760416663e-07 4.76837158203125e-07 2.1192762586805554e-07 1.0357032004835422e-05 -6.2125069754464285e-06 2.0861625671386719e-05 5.6425730387369786e-06 -1.3907750447591145e-05 -3.5497877332899311e-06 -3.7908554077148438e-05 -1.2874603271484375e-05 1.1126200358072918e-05 -1.9073486328125e-06 -8.3446502685546875e-07 -1.1920928955078123e-06 -7.9472859700520869e-08 3.7087334526909718e-07 7.1288400835461063 0.026708254793220407 6.0550750247958028e-07 -0.046109373669426086 -1.3094099741121873e-06 -0.016393899917602539 4.76837158203125e-07 0.00035595893859863281 4.76837158203125e-07 0.000377655029296875 0 0.068121910095214844 -9.441375732421875e-05 0.063266277313232422 -8.8055928548175927e-05 -0.058909890497468413 -9.4307793511284692e-06 0.092222085171412505 -2.2820063999719825e-05 -1.9550323486328125e-05 1.5894571940104161e-06 -6.6615489233696922e-07 2.1798270089285714e-07 -4.4661654397788055e-07 -1.9618443080357141e-06 -2.6226043701171875e-06 -1.2715657552083333e-06 4.76837158203125e-07 -4.2385525173611114e-07 -6.4273078795364971e-08 2.1798270089285714e-07 3.0159950256347656e-05 -7.9472859700521398e-08 1.1920928955078125e-06 -3.708733452690976e-07 9.5367431640625e-07 -4.7683715820312495e-07 3.1789143880208332e-07 -1.059638129340278e-07 1.1600499096013735e-05 -6.8664550781249993e-06 2.2053718566894531e-05 5.8015187581380206e-06 -1.438458760579427e-05 -3.2318962944878468e-06 -3.4213066101074219e-05 -1.3430913289388021e-05 1.0728836059570312e-05 -2.0662943522135419e-06 -7.152557373046875e-07 -7.9472859700520826e-07 4.76837158203125e-07 7.4174669053819446e-07 53 1 0 1 2 3 4 5 6 7 8 9 10 11 12 13 14 15 16 17 18 19 20 21 22 23 24 25 26 27 28 29 30 31 32 33 34 35 36 37 38 39 40 41 42 43 44 45 46 47 48 49 50 51 52 0 0 53 0 1 8 1 0
1 0 0 0 0 0 0 -932893759 4 1 2 1 3 9 2 1 0 0 0 36 0 0 8
2 -932893950 4 1 2 1 6 9 2 1 0 0 0 26 0 0 8
3 -1640531527 1 1 0 0 1 0 0 0 0 0 0 8
4 -937766016 4 1 1 2 3 6 2 1 0 0 0 33 0 0 8
5 -845889717 2 1 2 9 1 1 0 0 0 2 0 0 8
6 -937766015 4 1 1 2 3 5 2 1 0 0 0 43 0 0 8
7 -845889907 2 1 3 9 1 1 0 0 0 23 0 0 8
8 -937766011 4 1 1 2 3 9 2 1 0 0 0 37 0 0 8
9 -845889712 2 1 2 4 1 1 0 0 0 6 0 0 8
10 -845889711 2 1 2 3 1 1 0 0 0 4 0 0 8
11 -845889903 2 1 3 5 1 1 0 0 0 39 0 0 8
12 -845889710 2 1 2 2 1 1 0 0 0 10 0 0 8
13 -845889902 2 1 3 6 1 1 0 0 0 21 0 0 8
14 -845889709 2 1 2 1 1 1 0 0 0 8 0 0 8
15 -845889708 2 1 2 8 1 1 0 0 0 14 0 0 8
16 -845889707 2 1 2 7 1 1 0 0 0 12 0 0 8
17 -845889706 2 1 2 6 1 1 0 0 0 18 0 0 8
18 -845889705 2 1 2 5 1 1 0 0 0 16 0 0 8
19 -937876592 4 1 1 1 3 5 2 1 0 0 0 41 0 0 8
20 -845889897 2 1 3 3 1 1 0 0 0 29 0 0 8
21 -937876591 4 1 1 1 3 6 2 1 0 0 0 31 0 0 8
22 -937876588 4 1 1 1 3 9 2 1 0 0 0 35 0 0 8
23 -845889700 2 1 2 0 1 1 0 0 0 20 0 0 8
24 -932889652 4 1 2 2 3 5 2 1 0 0 0 44 0 0 8
25 -932889651 4 1 2 2 3 6 2 1 0 0 0 34 0 0 8
26 -932889648 4 1 2 2 3 9 2 1 0 0 0 38 0 0 8
27 -932893890 4 1 2 1 5 6 2 1 0 0 0 46 0 0 8
28 -932889837 4 1 2 2 6 9 2 1 0 0 0 28 0 0 8
29 -932893885 4 1 2 1 5 9 2 1 0 0 0 50 0 0 8
30 -845889844 2 1 4 9 1 1 0 0 0 24 0 0 8
31 -937766142 4 1 1 2 5 6 2 1 0 0 0 47 0 0 8
32 -845889840 2 1 4 5 1 1 0 0 0 40 0 0 8
33 -937766137 4 1 1 2 5 9 2 1 0 0 0 51 0 0 8
34 -845889837 2 1 4 6 1 1 0 0 0 22 0 0 8
35 -845889834 2 1 4 3 1 1 0 0 0 30 0 0 8
36 -937876717 4 1 1 1 5 6 2 1 0 0 0 45 0 0 8
37 -937876714 4 1 1 1 5 9 2 1 0 0 0 49 0 0 8
38 -932889777 4 1 2 2 5 6 2 1 0 0 0 48 0 0 8
39 -932889774 4 1 2 2 5 9 2 1 0 0 0 52 0 0 8
40 -845889782 2 1 1 9 1 1 0 0 0 1 0 0 8
41 -845889776 2 1 1 3 1 1 0 0 0 3 0 0 8
42 -937766074 4 1 1 2 6 9 2 1 0 0 0 27 0 0 8
43 -845889775 2 1 1 4 1 1 0 0 0 5 0 0 8
44 -845889774 2 1 1 1 1 1 0 0 0 7 0 0 8
45 -845889773 2 1 1 2 1 1 0 0 0 9 0 0 8
46 -845889772 2 1 1 7 1 1 0 0 0 11 0 0 8
47 -845889771 2 1 1 8 1 1 0 0 0 13 0 0 8
48 -845889770 2 1 1 5 1 1 0 0 0 15 0 0 8
49 -845889769 2 1 1 6 1 1 0 0 0 17 0 0 8
50 -845889763 2 1 1 0 1 1 0 0 0 19 0 0 8
51 -937876649 4 1 1 1 6 9 2 1 0 0 0 25 0 0 8
52 -932893764 4 1 2 1 3 6 2 1 0 0 0 32 0 0 8
53 -932893763 4 1 2 1 3 5 2 1 0 0 0 42 0 0 0 0
