-2.549756371873564409e-01
-1.605040779483985214e-01
-4.797144269741503986e-01
-2.124429099631006679e-01
-2.043886830473333194e-01
-3.755148850070930688e-01
-1.707413064087884014e-01
-2.785255051282169991e-01
-2.148280443066784839e-01
-3.427577502051175617e-01
-2.787073905190600720e-01
-3.796890473359486595e-01
-2.277748202273745526e-01
-1.904139175839448805e-01
-5.337074301329723935e-01
-2.420459217015301923e-01
-2.436030725554625409e-01
-3.602472676175015320e-01
-1.291332126458981933e-01
-2.702847331162113176e-01
-2.620523408292504408e-01
-2.003291229758874525e-01
-5.077511630022998323e-01
-3.436562299267671428e-01
-2.955599817036743682e-01
-2.358120477654692404e-01
-3.336440427350523263e-01
-3.669167602662100625e-01
-3.589618892771936909e-01
-3.679018727596641836e-01
-2.401938834308933735e-01
-3.336899062229881086e-01
-4.101814964600413171e-01
-1.802048507325891558e-01
-2.627226135827878672e-01
-2.928538611429201688e-01
-2.266684362041903877e-01
-3.530932283451664322e-01
-2.797655186545194850e-01
-2.637831256889374143e-01
-2.067279895214075291e-01
-2.865463861085771335e-01
-4.600756306973547982e-01
-3.356653985162451059e-01
-1.413537121725544354e-01
-2.748755355010221169e-01
-4.333980728608718969e-01
-1.275309842744379307e-01
-2.933616580579904709e-01
-2.917687219117650055e-01
-1.927915720233127905e-01
-2.254642657579316867e-01
-4.449621676773835022e-01
-2.504898939319631923e-01
-1.849580964423702678e-01
-1.995440092974040125e-01
-3.058960801229594906e-01
-3.849685608942991499e-01
-2.178831582182162718e-01
-1.776985394947471208e-01
-9.185641515841910798e-02
-2.735876719624832365e-01
-2.341643555196798177e-01
-2.206559873060643384e-01
-4.417048331072944700e-01
-3.174552833463974988e-01
-2.190741086484497835e-01
-2.015681475857513116e-01
-4.314856571311843636e-01
-2.193873239113860174e-01
-1.955271739279605403e-01
-1.431912941024735819e-01
-3.303433197848860692e-01
-3.806844256331837206e-01
-2.699660284870873395e-01
-3.362844954977920464e-01
-2.115452749067639471e-01
-9.299804897022267980e-02
-2.908934728189554453e-01
-3.470652902692273889e-01
-2.410298074936820800e-01
-2.184064326382929022e-01
-2.500454449968889659e-01
-2.464144659353094680e-01
-3.326272335516018419e-01
-3.779368966672780328e-01
-2.171517652620014727e-01
-3.504859478331951439e-01
-3.560327805314399408e-01
-2.197256396893824404e-01
-1.246738217906827040e-01
-1.480321201770136708e-01
-1.954374648472680387e-01
-3.604855998117866278e-01
-3.975252755156043483e-01
-3.182785040134443189e-01
-4.837723909271911538e-01
-3.492651214313182706e-01
-1.137877395145254489e-01
-2.801379208244724750e-01
-3.048863695267890472e-01
-1.935043137317612738e-01
-3.344021901163427568e-01
-1.511110814399182489e-01
-2.130174936406699082e-01
-2.762835938074227893e-01
-1.985357118162134338e-01
-2.240061852148463317e-01
-1.275143653957448997e-01
-2.314781377600252377e-01
-1.496709450787083728e-01
-2.398631354924324333e-01
-1.766189411722079161e-01
-1.569896656635665355e-01
-2.526296807138126432e-01
-2.647919026662294839e-01
-1.228905935408097228e-01
-3.633066003975351510e-01
-2.559525363793144770e-01
-3.277688988595215402e-01
-2.470648018173736415e-01
-1.967405194576227201e-01
-2.795967639763794477e-01
-1.441078185639081966e-01
-1.447556020482281547e-01
-3.100549783152134475e-01
-3.821640978161797708e-01
-1.322810925461014864e-01
-3.376084309795612248e-01
-3.802537377466499446e-01
-2.553004373545859629e-01
-1.542408043896167924e-01
-4.782553562321931184e-01
-3.282255649723105906e-01
-3.632667259536400683e-01
-3.827295558390743091e-01
-3.570943125339283153e-01
-1.497202782474948979e-01
-3.165789089134285472e-01
-3.766201899318275537e-01
-3.454067499385371498e-01
-1.591881745953059313e-01
-3.018394682153395236e-01
-1.680833527372208036e-01
-2.056803204832308440e-01
-3.762667880979106982e-01
-4.204365156337117604e-01
-1.555264682912269880e-01
-3.939630492678260487e-01
-2.093995163580394114e-01
-1.169393981100715491e-01
-7.449710592560579436e-02
-3.126203397154598829e-01
-1.622040166339008826e-01
-2.771851116546089622e-01
-2.139159452375989368e-01
-1.203833309209230845e-01
-2.628304365127841491e-01
-1.591970190359772164e-01
-2.063130336940516285e-01
-3.405254095362780231e-01
-2.404941768666900570e-01
-2.844642787851201504e-01
-2.151369101307678000e-01
-1.954387457174222020e-01
-3.511128262697811864e-01
-3.127113508971697264e-01
-3.778863033919562797e-01
-3.385050202859124502e-01
-2.144976135128894845e-01
-3.231313977324956621e-01
-2.725009739637485051e-01
-2.987766633798523142e-01
-2.707149332245111784e-01
-3.638101164582787650e-01
-1.177919059920400635e-01
-1.674016734760082614e-01
-2.998268491778555700e-01
-2.406400374837565082e-01
-1.000466861134659269e-01
-9.740794201125391183e-02
-1.017585691583745705e-01
-4.380692752059697215e-01
-2.702706682381572634e-01
-2.022268338089476536e-01
-3.370756136197675112e-01
-2.330070780854208712e-01
-2.192266386722509786e-01
-1.683961929296257931e-01
-1.718480483150139904e-01
-2.663714507242812002e-01
-2.753013056103113532e-01
-1.318420663102872759e-01
-2.051147210856837377e-01
-3.343554755482331386e-01
-2.755449660807625101e-01
-3.604331495063083368e-01
-1.875988092498090953e-01
-3.171161691313366116e-01
-3.640349098674116046e-01
-4.246968878462046848e-01
-3.686689316425787455e-01
-2.136740167893573794e-01
-1.117918324220294191e-01
-1.796313194080049191e-01
-2.243948116035530127e-01
-1.322368679373597811e-01
-2.107109609396618788e-01
-3.374671254131993425e-01
-1.504370931172142323e-01
-2.579836929046790961e-01
-2.919682372595908681e-01
-2.313029852806816611e-01
-2.130801063178611732e-01
-2.309812783979002526e-01
-2.252216454290780212e-01
-3.652816845857184136e-01
-4.176937753077414328e-01
-2.729216405162432357e-01
-3.873086899115473769e-01
-2.597259607531569037e-01
-1.762883562703255469e-01
-1.540239968114424651e-01
-2.925976992788561493e-01
-4.052698534178789669e-01
-2.636449860025833480e-01
-2.862123176606353181e-01
-3.553703708325431920e-01
-3.397619925350159331e-01
-1.343642453766819844e-01
-3.453738560802491753e-01
-3.735799694690413175e-01
-1.887796274994969492e-01
-2.124022931544564952e-01
-2.274753925346854611e-01
-1.266272976259140703e-01
-3.601916583792825755e-01
-3.274150521184890916e-01
-2.466861050567225044e-01
-2.734661267851937194e-01
-4.109248599592577045e-01
-3.630626686144037829e-01
-1.743789423784881387e-01
-4.051473311796330301e-01
-1.151591957929327947e-01
-1.698776606454260318e-01
-1.207888968498833510e-01
-1.349366085580848418e-01
-1.499523820036313126e-01
-2.737009997587426247e-01
-2.440186279702297178e-01
-3.362131536060483650e-01
-1.819061375206807440e-01
-1.996291012283362143e-01
-1.933344512144809513e-01
-1.073513291571839695e-01
-1.707988283626485915e-01
-2.166264776540803849e-01
-2.347302078025759742e-01
-3.700353595123604955e-01
-1.785501304910317444e-01
-3.025035806645821057e-01
-2.451115793274208365e-01
-2.642065573775877474e-01
-1.100003188102576801e-01
-1.459096927691220791e-01
-1.466554526397968183e-01
-1.754139734560576092e-01
-2.672191426278859860e-01
-3.014900235225061453e-01
-3.016181913234348699e-01
-9.729844866301953776e-02
-2.441268493865269285e-01
-2.559850415285323533e-01
-3.460921778070802368e-01
-1.798120282613427656e-01
-2.341130049456722206e-01
-2.388080243730890395e-01
-1.671485630831358871e-01
-2.040811774330054673e-01
-2.633979799260373067e-01
-3.459760796579119391e-01
-2.969722935171484335e-01
-2.150870023858185709e-01
-3.675615281630937314e-01
-1.618349772343003479e-01
-2.635766943912525861e-01
-3.247827998652372816e-01
-2.747503940480803264e-01
-1.769097345960426448e-01
-4.042961745896690995e-01
-3.590552572094085071e-01
-2.343308484700165339e-01
-4.562340870622383915e-01
-3.753052252224887142e-01
-3.330264226550671003e-01
-2.738119170329395557e-01
-3.198103743546349964e-01
-1.270529769124007502e-01
-2.291682680213727452e-01
-2.116933832990958442e-01
-1.832584288570170417e-01
-1.968032331974817750e-01
-2.127832738816626545e-01
-2.837240088890003453e-01
-1.726855248273604926e-01
-1.531616396798922697e-01
-3.102130182990731067e-01
-3.707145720753374230e-01
-3.784312905341138400e-01
-3.817302611313123095e-01
-1.435941555332612141e-01
-3.316864036620711387e-01
-3.715442413678499145e-01
-2.329759473437277573e-01
-2.012910759845040753e-01
-1.552852825292232730e-01
-2.168176660926685317e-01
-2.746591933031566901e-01
-1.773005147572904450e-01
-2.265873723028023479e-01
-2.418498301177693932e-01
-2.665547593357249223e-01
-1.543684635687048168e-01
-3.770512211370724009e-01
-2.458376402324530807e-01
-2.488786972889728832e-01
-3.903455373456254929e-01
-3.649842443218277999e-01
-2.156445583337768535e-01
-2.619318039309447843e-01
-1.842476682131770072e-01
-1.695580628131040379e-01
-1.862056168506159015e-01
-2.042388371363084709e-01
-2.784831741434585228e-01
-3.668052144091470956e-01
-1.432698644303410374e-01
-1.591837234853397676e-01
-1.299308550390005368e-01
-1.908949299879777461e-01
-1.751101016779337272e-01
-2.243364594044365834e-01
-3.144554236154999405e-01
-3.117923906396984912e-01
-1.548744390101233770e-01
-4.234892061764127802e-01
-1.599918181673668227e-01
-2.498793526076215077e-02
-1.053013610031377084e-01
-2.826558611681832534e-01
-2.533111431884094156e-01
-3.616281128738427775e-01
-3.087384292763994398e-01
-3.983880064142706345e-01
-2.134453998693977561e-01
-3.564234384408502820e-01
-1.808969954080472120e-01
-4.186958830826258970e-01
-1.947790353730406709e-01
-1.450378586959095162e-01
-2.697280892844130529e-01
-2.133146852473356836e-01
-4.575312475380297617e-01
-3.307785927396602599e-01
-2.241610389366854861e-01
-2.856201527511259552e-01
-2.599168592493139029e-01
-1.394367102494955268e-01
-2.000381480866135764e-01
-1.362395639355005184e-01
-1.798928158329729243e-01
-2.583976516920937216e-01
-4.041685182857858716e-01
-1.457854766791486512e-01
-4.306142675930283437e-01
-2.941317228359940916e-01
-3.289563711693134218e-01
-3.390867943390699635e-01
-2.945986003862546276e-01
-1.743663840149903277e-01
-2.787124234842555115e-01
-3.890352932303589029e-01
-1.660903890393110593e-01
-1.930154630382457936e-01
-3.002560622404157886e-01
-3.582542293345867823e-01
-3.340635116793548298e-01
-1.311956584798313064e-01
-1.550405041606358891e-01
-2.395545769230836286e-01
-1.585568751736568249e-01
-2.088844203703458247e-01
-2.906395812335259565e-01
-2.035152874532732414e-01
-2.188206405200556759e-01
-2.808574442728878351e-01
-3.918436963691159236e-01
-1.314473676823308956e-01
-1.667652595459663822e-01
-2.015745267097068250e-01
-2.183739224391540168e-01
-2.863055005396520913e-01
-2.067170062752097526e-01
-2.445230108973488747e-01
-3.701723171497302012e-01
-2.243228799004426954e-01
-2.560868317934186233e-01
-2.782286069353444025e-01
-3.674880694125421954e-01
-2.977420341622049049e-01
-4.557720681712354449e-01
-1.782635738070933451e-01
-3.150401406143397143e-01
-1.375153103822532863e-01
-1.869369922910542325e-01
-2.162217252564705705e-01
-2.420878484691743326e-01
-2.707364334843080922e-01
-2.327312030479266602e-01
-2.860356422271548849e-01
-3.044011741722422171e-01
-3.029670901293130547e-01
-2.839368130988230154e-01
-3.554254462492127953e-01
-2.406819672063015836e-01
-2.356836767200921057e-01
-3.136475635788447680e-01
-2.311452221179920441e-01
-1.314440010237464818e-01
-4.376542837631989258e-01
-3.095490985210627155e-01
-1.538749824545290745e-01
-1.163641438703495179e-01
-2.721256886892714499e-01
-2.164934764352769714e-01
-3.793108054842638244e-01
-2.558530267559784299e-01
-2.264966461801431186e-01
-1.162597323828357399e-01
-1.412685095561019566e-01
-2.222986586805002773e-01
-1.544445124797244051e-01
-2.252279008587126929e-01
-3.221019851006650114e-01
-1.433559064349896328e-01
-2.570012436555534907e-01
-1.931866573362716055e-01
-3.617718604355958378e-01
-3.605119341934645560e-01
-7.019088368398633537e-02
-1.944838927500230075e-01
-3.454078612925757241e-01
-1.981040553348963895e-01
-1.805341596327420528e-01
-3.603677785763312325e-01
-3.592689272913248688e-01
-4.253250834575859063e-01
-3.534919683182570216e-01
-3.078869469183017626e-01
-1.209494579327322905e-01
-1.792178793788880009e-01
-2.621462443901942940e-01
-3.061867441444695581e-01
-3.576987350049630754e-01
-2.857730141948686686e-01
-4.170994794859814170e-01
-4.720224650850628478e-01
-4.099880010992642543e-01
-4.070308664628449202e-01
-2.605672668094422550e-01
-1.501472586595645198e-01
-2.653596461411934504e-01
-1.273383174367278270e-01
-2.471265853961935877e-01
-1.537708521179335930e-01
-4.803974486960128076e-01
-1.514258888686125237e-01
-3.635723756717025856e-01
-1.138353731542689207e-01
-2.919139852554182846e-01
-2.361616026729526641e-01
-2.758763691113716998e-01
-3.607779403319298916e-01
-3.631983997185219692e-01
-1.393600655315464509e-01
-2.135291144436959054e-01
-2.479915843961321975e-01
-2.442844374384577633e-01
-2.008530373252888079e-01
-2.962175206769936397e-01
-2.180826618710588471e-01
-1.427478441191111225e-01
-1.938616530896500600e-01
-9.743551752859880288e-02
-1.449869786973141672e-01
-1.276263542526916150e-01
-4.418970985628177250e-01
-2.118180176921899971e-01
-2.567164751513664744e-01
-1.677366804871212591e-01
-4.435597770749047930e-01
-2.674388249031870446e-01
-2.161693774280785685e-01
-2.506628149617339818e-01
-3.827587206250397389e-01
-2.749383030118981441e-01
-1.362928486780525805e-01
-2.099872729045315634e-01
-1.010935810504399734e-01
-1.038699447494207673e-01
-2.328401484771667196e-01
-2.322407183907768125e-01
-1.885588723926228671e-01
-2.827228687478784419e-01
-1.387814407466631261e-01
-2.324025064066265189e-01
-2.857952678892570209e-01
-4.334403120404384802e-01
-3.055921882026072511e-01
-2.291577477889349401e-01
-3.371016491625883349e-01
-2.784717131673082324e-01
-3.971169189365671426e-01
-4.410117535253408882e-01
-3.518006408796591211e-01
-2.041649095679215209e-01
-3.473745195648562101e-01
-1.997521204496609248e-01
-2.035291831249934624e-01
-1.884480337083483392e-01
-3.827253328788304265e-01
-1.524771624925813918e-01
-2.438665911376800555e-01
-2.384529636396640340e-01
-3.636038509215645531e-01
-3.459286399776560494e-01
-1.286331576628444440e-01
-2.333281631687592339e-01
-3.050985726782368124e-01
-3.123688451368490937e-01
-2.474017417224857185e-01
-1.950665691720724348e-01
-4.320623354174299435e-01
-3.378608805606890253e-01
-3.738169849867069572e-01
-2.711683294908823760e-01
-2.217522752762366156e-01
-1.591282522426921142e-01
-1.459633894017193512e-01
-1.832930578499701035e-01
-3.273760306214263949e-01
-3.161614592464835893e-01
-2.167584951595004639e-01
-2.150961620745205916e-01
-2.342876553286103170e-01
-3.638162653439919181e-01
-2.563737662826189867e-01
-4.019300318339534273e-01
-1.978755949821028037e-01
-1.358374851061053268e-01
-2.893710494158910906e-01
-3.464821892437394690e-01
-3.255060334205742145e-01
-4.149853962677794716e-01
-3.055809593448571282e-01
-3.389683802767129439e-01
-2.101163834297116173e-01
-4.007511538731015066e-01
-2.122418194720473439e-01
-1.631737872493461416e-01
-1.368399648956976633e-01
-4.023152365708989042e-01
-2.577596101401549711e-01
-3.209619042200620997e-01
-3.290715759255826711e-01
-2.108539525852931029e-01
-1.849281366450384601e-01
-3.065280106367423985e-01
-2.657461111493741868e-01
-1.516589987073295731e-01
-1.346113050109785658e-01
-1.444764191496824557e-01
-2.984381473800925555e-01
-1.496005215269825828e-01
-1.654269597915268009e-01
-3.065647959856812599e-01
-1.483935932037646621e-01
-4.422419383761573841e-01
-2.259403172254319525e-01
-1.106191336530449459e-01
-2.136284290797931529e-01
-1.742470332584517556e-01
-2.204207536701787151e-01
-3.956243066097465122e-01
-2.857514537476737448e-01
-2.178525475790099863e-01
-2.309183623279982833e-01
-1.476222101164935685e-01
-3.862362384712043073e-01
-3.657790897645857853e-01
-2.685067175736117751e-01
-3.148048881619878725e-01
-3.021941399014597129e-01
-1.085711921634869015e-01
-1.417425847323849353e-01
-1.542322241844942821e-01
-1.891752525151889630e-01
-2.298298569068207287e-01
-1.402400414628910130e-01
-1.395616414228147417e-01
-2.849735767283949617e-01
-1.505082236836771670e-01
-1.719637733331228491e-01
-3.925496145544459248e-01
-1.317629318283578266e-01
-3.013625680873434076e-01
-3.360150507745305326e-01
-3.119028067033179918e-01
-9.457234929301691628e-02
-2.873013466218538037e-01
-3.609781889492206242e-01
-1.901117900379509229e-01
-2.007495537314482881e-01
-3.485701486399606641e-01
-2.651387021694501245e-01
-4.970991558318801351e-01
-3.244766429644003747e-01
-2.872332371415082242e-01
-3.519343710956543969e-01
-1.448018943844741058e-01
-2.220121287628446238e-01
-2.909009477977975155e-01
-3.341080410020184632e-01
-4.022828302676772494e-01
-1.723518421298975700e-01
-3.170312864176005885e-01
-2.148183062771018836e-01
-3.064253396816268848e-01
-4.313792792772911389e-01
-1.726952027285626745e-01
-2.151062435987788068e-01
-4.082168986428511004e-01
-2.215187861250790258e-01
-1.693865531110192446e-01
-1.226833492571037521e-01
-1.222911845825677413e-01
-2.221979335769187769e-01
-3.117879455987651038e-01
-4.410932126238117368e-01
-4.314662527458975605e-01
-4.163605585300871881e-01
-3.092053721330397797e-01
-1.799081952300213838e-01
-3.048646723536604375e-01
-1.693100037958145121e-01
-8.471509692117037971e-02
-2.343207747063588975e-01
-1.682644219307283806e-01
-3.182681855700751905e-01
-2.626710547256847494e-01
-1.565597884595919809e-01
-2.518028733342042025e-01
-2.712044180921788783e-01
-2.378308048754483317e-01
-2.559199668770427705e-01
-2.512040586669009312e-01
-2.431325334659912296e-01
-1.795497689848893907e-01
-1.999403539617108094e-01
-2.639612083434774159e-01
-1.360950023997244684e-01
-3.079189220242780078e-01
-2.103795535249579074e-01
-3.110859915701632561e-01
-3.435331781016781605e-01
-3.491204498293348779e-01
-3.591332658803884637e-01
-2.745158335794530835e-01
-3.823053006728192593e-01
-2.477713863414914841e-01
-2.574857799759942556e-01
-2.200734622897745352e-01
-2.980687593257980161e-01
-4.052076263966394309e-01
-1.966913252831433145e-01
-2.849304149384725426e-01
-2.225140686744129792e-01
-1.713839718392955735e-01
-1.185590351652332508e-01
-1.599753988075277578e-01
-2.318424861731937514e-01
-3.716926939922601814e-01
-1.852984967436167307e-01
-3.343757901292810919e-01
-1.832106873956558801e-01
-1.544623947448048318e-01
-2.306462480201900422e-01
-2.843799986942384672e-01
-2.186314303246398860e-01
-2.308705609290883920e-01
-1.627644188445820372e-01
-3.702424982141218623e-01
-2.111009271883356742e-01
-3.265475926992107980e-01
-3.501591460255365496e-01
-2.308022418764534289e-01
-2.795391028763494212e-01
-2.735849069820162072e-01
-2.069581335932387245e-01
-2.325788490436623834e-01
-3.564240130993803768e-01
-1.838508997641505049e-01
-3.267192692458424919e-01
-3.016269926839160731e-01
-1.299729784611851346e-01
-3.267615500816243301e-01
-2.622407615351127763e-01
-3.883035843576843060e-01
-2.021665067792775827e-01
-1.864007608933705429e-01
-1.315337481393691887e-01
-1.280281150100037180e-01
-2.813649336029491743e-01
-2.003046393366633704e-01
-9.481199310668182723e-02
-1.938525067975784277e-01
-1.929236328850989501e-01
-1.961029416618305932e-01
-2.992897057904996827e-01
-1.901265481309036276e-01
-3.051842858398274294e-01
-2.738977049107634287e-01
-4.357044639725241586e-01
-2.080525758993316821e-01
-1.497537333717071928e-01
-3.495582509369855040e-01
-3.406079475199865758e-01
-1.901953401977323765e-01
-2.698209562316198351e-01
-3.082742319558158250e-01
-4.537458340101895304e-01
-3.632117306785226929e-01
-2.412836020259561398e-01
-2.782762088075048656e-01
-2.754237520629467251e-01
-1.117304330374823684e-01
-4.382207974162469211e-01
-3.378780949404145417e-01
-3.239867422788702545e-01
-1.775549186615092145e-01
-1.953154388426517618e-01
-2.074641506246789058e-01
-1.506126774733046458e-01
-1.423257090653627654e-01
-2.947663410782675464e-01
-1.529730392753686496e-01
-3.607591350937248698e-01
-1.659803449865170921e-01
-2.380275370696999793e-01
-3.468260256946590347e-01
-3.853919684443640747e-01
-1.671523949740341686e-01
-2.564654614042514713e-01
-2.271453546330612361e-01
-8.247517337876725252e-02
-1.167967506765882346e-01
-3.780114579811287290e-01
-3.080046432772257092e-01
-3.328977505961193684e-01
-3.876232869676987103e-01
-1.572706203659525459e-01
-2.015823450673405182e-01
-2.329249107415561904e-01
-2.741635416765146882e-01
-1.883118043856055746e-01
-3.005094668534909474e-01
-2.596331439281360232e-01
-1.017824691441460982e-01
-2.935465153620660517e-01
-3.197076782344420720e-01
-1.335635053282672458e-01
-2.219971983262075954e-01
-3.333879784324266238e-01
-2.071583824139343055e-01
-3.004980329304430819e-01
-4.317139273877924066e-01
-2.790516980963609894e-01
-3.838241783511578409e-01
-2.135219645044599823e-01
-2.133121148080855956e-01
-2.500974362153647323e-01
-3.830341075663777906e-01
-1.892408677582729515e-01
-2.653406054602220898e-01
-1.463156955525796443e-01
-2.740602209143941370e-01
-2.654019673411017743e-01
-2.857551155551953936e-01
-2.306945309827326818e-01
-1.604454925815831101e-01
-2.296124506375757379e-01
-2.030815288703328170e-01
-2.699836738358188937e-01
-1.763206821458286888e-01
-1.503762863322551935e-01
-3.550096474424734305e-01
-1.592171648292972364e-01
-3.755518775912547458e-01
-2.773148666841230847e-01
-3.695526020204513706e-01
-2.577741332310927724e-01
-1.765859074981251942e-01
-2.931544002035988417e-01
-2.757632652120025618e-01
-1.341041027252432294e-01
-3.081008591032714516e-01
-3.519120447556383646e-01
-2.972903569384247602e-01
-4.301998166040861271e-01
-1.963089847345741989e-01
-1.998727218024559382e-01
-3.156088764384520906e-01
-1.597799693414915789e-01
-1.764125103884759682e-01
-2.949542240498421175e-01
-2.215009475055307320e-01
-1.594293515013180118e-01
-3.532972907774158400e-01
-2.194046302176745344e-01
-4.049839378527703149e-01
-2.551307417164148106e-01
-2.386520591658613799e-01
-2.475195200722249411e-01
-2.606666128004418437e-01
-1.754158571344658357e-01
-4.367320498673673557e-01
-2.564963942443156952e-01
-2.504966041501133223e-01
-2.748792422441010963e-01
-2.537617508674920863e-01
-1.492866716756196532e-01
-3.355681464777030554e-01
-3.750576199750210171e-01
-3.888111776050956481e-02
-2.542926485140108439e-01
-3.020517847669165756e-01
-4.118664855819650916e-01
-2.799628707409101414e-01
-2.568366332492608706e-01
-3.072087800348666797e-01
-1.287366300642188433e-01
-3.174055764633563759e-01
-3.212421166253437987e-01
-1.116433089822590208e-01
-3.169386275032968214e-01
-1.870862153473404899e-01
-4.076150729855905763e-01
-1.510991077484490075e-01
-2.992284214173833168e-01
-2.067426229117134695e-01
-1.551495861585689695e-01
-2.377517084829684213e-01
-2.541208300690129263e-01
-1.663628138721827965e-01
-3.620595772105065224e-01
-3.228112779026541812e-01
-3.639760698524459048e-01
-4.556795116468435602e-01
-3.307761188865971924e-01
-2.783417833849227141e-01
-2.486982627396167045e-01
-1.541506446591456858e-01
-1.723087792265336482e-01
-3.565000597843744901e-01
-2.282609122361550225e-01
-1.847266500794231270e-01
-2.541005001080914316e-01
-2.559553871369528721e-01
-2.928326436653714282e-01
-3.135791626774941943e-01
-2.083410664378778920e-01
-2.791821647418341046e-01
-1.798734182012685368e-01
-3.979512993148648925e-01
-1.554029718166022589e-01
-3.754798072374758156e-01
-3.163637446046042578e-01
-2.175871767795789502e-01
-1.601687835526784398e-01
-1.897536117510463805e-01
-2.742548624456513928e-01
-2.623468682143295649e-01
-3.281498166890876589e-01
-2.699298629458252163e-01
-2.815579216778382188e-01
-2.077296121289577413e-01
-4.653009978837666649e-01
-1.459978308880161557e-01
-1.179184457350772181e-01
-1.250207230116259782e-01
-4.116071651960602207e-01
-3.739987813570275210e-01
-2.159452618775622723e-01
-2.067275964630740370e-01
-1.233092359634416491e-01
-1.638722439956103449e-01
-9.363418519676741658e-02
-7.407768606650178000e-02
-2.398421139417257764e-01
-1.912603960518955426e-01
-1.745806637769508618e-01
-2.008906063458897329e-01
-2.182810058490292360e-01
-2.717420689677812473e-01
-1.521809847617058564e-01
-1.604214040503961769e-01
-4.413267755023742023e-01
-3.295090957128643527e-01
-1.795778911417066359e-01
-1.626770909475716009e-01
-1.904199942269051704e-01
-1.652899739941680879e-01
-3.270290983734609469e-01
-1.752131339552612799e-01
-3.304910910503775501e-01
-3.384233381576121080e-01
-3.268700746021357961e-01
-1.544691986441349141e-01
-1.827159069793840573e-01
-2.913531792281731092e-01
-1.917677609581248110e-01
-3.359000121677432893e-01
-3.790101861611774869e-01
-3.527585172809871716e-01
-3.017426610880123428e-01
-2.785908837865430088e-01
-2.788998794832545647e-01
-3.762675127164196720e-01
-2.357976568536611084e-01
-3.237437786044466415e-01
-2.853556360702661499e-01
-3.016325845848550347e-01
-2.798714229021301292e-01
-2.342835755033891854e-01
-1.411997182890989688e-01
-2.010288072523693792e-01
-1.908657647845685423e-01
-2.671491474035200819e-01
-2.584273466104352601e-01
-2.951581323044786265e-01
-3.923971054956159055e-01
-1.754973040660779970e-01
-2.856542187552403300e-01
-1.524616717726639259e-01
-2.515336060531311313e-01
-3.052186009060248173e-01
-3.272489096105533624e-01
-3.445736281764574249e-01
-2.432772467294976315e-01
-4.719751830407121207e-01
-3.386599491673862872e-01
-1.540944549185834234e-01
-4.055373160148433298e-01
-2.079412848126460100e-01
-3.130198283204591037e-01
-2.441418416845842210e-01
-3.730497989408242954e-01
-3.884679214696224459e-01
-1.663568571778332450e-01
-1.520356623005631458e-01
-2.604552016494453004e-01
-2.901076942811927073e-01
-1.845400425646483988e-01
-7.171689406147616075e-02
-1.606153025212760654e-01
-2.492356546886030089e-01
-2.733083941922301863e-01
-3.808805132259316384e-01
-3.386413004469273624e-01
-3.039576103391606332e-01
-2.640141047294721210e-01
-1.789896767211768824e-01
-1.843366444836708751e-01
-3.280212409342254665e-01
-2.771850472234227425e-01
-2.782990080252896736e-01
-3.310001430095272923e-01
-4.071314569061640909e-01
-1.642708074313562472e-01
-2.653653635594594995e-01
-1.929350152426355380e-01
-1.695061197958446231e-01
-2.089392960235627317e-01
-2.416747095739167905e-01
-3.806023815949109990e-01
-3.767680354923212405e-01
-2.127657654400958720e-01
-2.949275689195235972e-01
-1.905136836147202639e-01
